Latency
126
90
103
113
98
94
96
80
109
85
95
100
90
108
89
101
84
105
84
119
106
103
103
98
85
106
97
92
194
167
158
126
105
87
99
80
93
104
83
79
102
100
87
110
92
109
83
106
113
86
102
83
99
85
82
105
109
99
86
118
107
102
97
97
110
114
98
86
98
118
76
75
109
106
118
97
108
104
89
97
95
80
113
115
114
85
89
104
129
106
104
134
97
96
96
109
107
92
105
94
109
104
104
111
98
94
99
95
90
103
186
150
135
131
109
91
111
80
111
106
113
113
82
113
87
118
104
119
77
92
103
101
116
106
105
94
107
87
84
92
102
93
107
103
105
102
