Latency
165
160
126
136
139
147
108
151
234
221
207
167
158
138
133
125
215
193
159
153
121
125
158
124
135
133
117
114
164
127
241
236
211
208
186
148
213
214
177
163
139
144
127
119
251
225
201
155
140
125
133
158
146
126
122
113
119
125
147
147
278
243
225
195
166
149
131
122
222
171
171
154
117
143
156
117
146
147
117
148
124
126
140
138
144
136
148
135
130
134
122
123
157
154
127
145
122
124
137
147
216
202
180
147
127
116
142
145
125
152
146
121
139
132
108
133
127
123
160
124
123
143
114
122
144
142
130
115
146
128
133
139
127
219
200
150
139
148
108
171
126
106
148
108
122
