Latency
171
164
175
183
152
144
151
173
167
175
185
183
175
186
151
177
159
154
155
178
160
166
170
173
163
167
178
147
185
151
159
273
260
218
203
177
159
168
173
164
176
165
168
162
173
163
158
154
175
185
165
172
177
188
148
184
170
155
155
158
142
171
181
176
185
171
147
157
168
188
181
185
191
168
144
177
154
151
166
175
157
187
179
147
189
179
160
177
176
129
159
161
149
171
185
180
154
174
158
185
185
179
168
149
157
166
173
155
184
166
156
156
190
163
197
147
176
166
153
152
170
167
164
186
181
153
174
158
173
148
165
153
191
178
200
181
171
186
172
154
186
176
150
173
