Latency
203
188
191
219
183
213
202
186
241
216
201
202
180
202
182
190
200
237
204
173
216
204
221
169
215
211
200
186
206
221
191
192
208
203
184
179
204
193
189
206
211
203
203
203
204
203
211
206
208
206
204
189
193
199
192
203
207
193
169
207
210
203
206
190
202
194
209
222
189
197
202
195
188
180
198
217
222
177
208
190
187
202
189
220
224
204
180
200
197
179
177
214
207
207
213
211
196
193
197
193
182
205
180
209
203
203
197
180
213
181
195
208
205
212
188
204
183
197
210
202
302
260
241
295
254
248
216
183
225
195
196
207
197
213
187
196
178
189
197
176
209
206
200
