Latency
214
232
232
218
233
235
230
244
210
241
223
317
287
257
223
235
207
246
218
229
240
223
227
232
234
226
257
224
233
222
246
233
239
231
230
250
241
265
259
247
219
235
232
217
217
253
247
236
233
247
215
249
238
227
208
241
331
312
276
257
242
243
233
209
234
228
205
248
244
224
244
247
241
243
234
223
247
235
229
244
239
226
245
246
230
225
234
300
294
265
225
247
245
242
245
236
238
256
232
247
224
232
227
249
234
239
232
231
234
230
244
241
230
227
248
225
237
223
228
235
247
220
240
248
202
222
236
233
245
235
208
223
328
