Latency
256
278
265
287
262
355
342
324
262
254
268
262
280
265
250
256
274
248
272
250
263
250
380
337
321
307
270
257
365
385
359
314
313
393
380
345
333
305
283
284
251
266
258
266
277
259
288
264
363
322
314
287
272
259
270
262
270
273
372
332
321
296
281
271
269
245
255
253
276
276
249
376
355
316
313
290
265
268
266
285
271
351
331
308
385
366
318
293
287
259
254
262
275
373
366
328
293
396
358
325
348
335
319
292
252
284
264
260
263
276
263
381
376
341
326
288
272
270
275
350
371
355
306
405
376
356
330
295
379
355
341
304
275
267
268
356
321
288
267
260
253
